-0.168862 0.626186 8.444083 
2.026951 1.275800 4.996486 
3.142339 2.751837 3.167198 
0.773463 1.828474 -3.020152 
3.477219 4.788588 1.944989 
2.617859 2.352959 -5.841750 
-1.635764 -1.848604 7.776022 
-2.338898 -1.647239 0.174378 
2.513608 0.238304 -2.821173 
2.066608 0.083600 -8.079823 
4.384435 2.353994 -5.716891 
-0.231585 0.139287 -5.145996 
-2.712079 0.852337 -5.697442 
-1.987949 -1.641803 2.587609 
-5.657857 -2.929445 -6.281787 
0.232367 1.887912 3.303883 
-0.042365 0.061812 1.722858 
-2.183775 -1.125850 -3.634219 
2.490611 -0.093808 0.747418 
-0.896823 -0.569473 -8.172179 
-3.658731 -1.463272 3.018682 
3.516890 1.063308 2.198221 
2.264697 2.124170 5.862073 
1.987043 -0.919024 -5.008573 
4.319296 2.093595 -8.445127 
-2.350665 -2.478627 4.993519 
2.798746 0.929627 8.806632 
-6.015336 -0.648249 -1.320351 
5.184470 2.067058 4.094818 
-1.571109 -1.330884 4.383418 
1.075725 -1.655481 -0.071836 
1.760591 -1.034016 6.419749 
3.411143 1.297004 4.225129 
0.424003 0.307169 4.388660 
6.578530 2.549327 9.278318 
0.746530 1.193957 -8.985041 
-4.826457 -3.419169 1.309627 
-2.997378 -3.534830 2.818627 
-0.784130 0.051939 -2.384304 
-2.943391 -3.344400 -7.889826 
6.928916 2.757974 7.144105 
0.630212 2.820783 7.285489 
1.502125 1.042735 7.481809 
-3.001648 -0.191075 -1.271614 
4.595869 2.883014 1.303581 
-1.279503 0.418399 4.647635 
-3.499242 -4.966568 3.925364 
5.343649 -2.858245 -2.464836 
1.149807 2.423397 6.239309 
0.325495 -2.480525 5.523376 
-0.500534 -2.736313 1.771307 
6.384240 4.577539 8.436510 
3.797483 2.376387 -0.168459 
3.903963 0.230489 6.363680 
5.376243 2.057587 -2.638843 
-8.126414 -3.782970 6.911349 
-0.112810 2.793684 0.557274 
-0.171341 -3.754048 6.311419 
2.386983 1.432832 1.011827 
-3.434760 -1.758857 8.349171 
0.684045 -0.510579 -1.491002 
7.060362 4.162381 -4.045291 
-0.398438 -4.208406 -6.770951 
4.888401 3.482390 2.854282 
1.457246 2.469926 2.113939 
-7.107632 -4.330173 -0.736907 
-4.881618 -3.207878 -9.230153 
-0.336943 -0.913122 0.225710 
-3.314355 -4.064015 -0.658947 
3.294766 -0.507220 -0.582746 
1.710548 -0.066611 4.172247 
-0.479102 -1.152622 6.355616 
-4.714707 -2.344678 5.239831 
1.758663 2.065304 7.941858 
0.512065 -3.422353 -1.654418 
-2.377239 -0.518926 -9.235937 
-4.952568 -3.087842 -1.888806 
0.635781 1.772900 0.125974 
-5.060249 -1.932100 0.122820 
2.535836 1.392840 9.518344 
-5.868485 -2.656502 7.294067 
-1.976004 -2.485211 -3.611202 
-7.035859 -5.808189 1.255794 
3.076276 -0.623215 -9.099367 
1.236333 2.392861 -1.352277 
-2.205483 -1.658793 -6.445617 
2.076762 0.281521 2.675772 
3.040615 5.281614 5.423039 
-1.953960 0.184901 1.211398 
3.292755 1.135968 -0.939196 
-4.716892 -2.700902 8.921999 
0.866829 4.221460 5.749751 
-3.773115 -1.716585 -5.565721 
0.771781 3.324538 8.476952 
1.628459 1.374825 3.513089 
2.196380 -2.090160 -5.520263 
4.323729 0.936803 9.142451 
5.962393 3.700573 4.081039 
4.592413 3.061148 8.500242 
-0.116777 1.741710 5.210085 
3.787309 1.346958 7.802488 
-0.678519 1.351856 9.212735 
-0.549238 2.829315 4.085856 
-2.852633 -2.482024 -1.086673 
6.701626 2.932624 0.935752 
-0.339800 0.034796 3.607796 
-0.811053 0.039132 8.915655 
-5.799543 -3.831213 -3.388243 
-0.967470 -1.985649 -1.175024 
-1.476130 0.086545 8.817570 
0.605123 1.022665 8.649606 
4.723317 3.919183 5.173488 
0.272534 1.470380 1.901090 
-2.471727 0.550310 3.933758 
-3.619404 -1.153381 -3.359559 
1.968247 3.015163 5.492927 
-0.930714 1.560671 7.706257 
-0.961337 1.676975 -0.271105 
6.215359 5.194606 -7.760664 
0.933940 1.265708 9.765657 
-0.601278 2.446730 9.413934 
-0.827397 -0.460865 -4.066181 
6.116506 4.302521 6.057856 
-1.420624 -3.584684 -3.260734 
-0.271101 0.967128 6.915345 
-1.545506 0.523701 2.488192 
0.420758 -0.636358 -7.043458 
-2.049494 -0.344529 5.850385 
-5.711611 -4.353625 6.862994 
3.990712 3.614240 -2.732939 
-2.055667 -2.285404 -2.194402 
3.176145 3.262737 8.719890 
-4.555822 -1.234120 -8.503143 
-1.478256 1.047486 3.596212 
-2.342941 -1.569474 9.024705 
0.625484 -1.210240 2.671940 
-3.071231 0.471535 2.521209 
0.432802 -1.226857 8.105524 
7.481873 4.537577 1.566765 
-8.712451 -3.873174 4.288685 
0.940177 2.364113 4.567290 
-0.470164 1.378988 -1.817969 
2.993790 -1.205647 3.339083 
-1.317466 -0.744636 3.074963 
-0.497552 -1.968555 -5.618661 
1.272480 1.554065 9.686650 
5.860368 0.483552 7.244558 
-3.710187 0.150284 8.228008 
-2.343371 -0.344579 9.573480 
1.712169 -0.980436 9.489823 
-0.462097 -2.022084 9.034531 
-1.837872 -3.572713 0.750570 
3.843534 2.827586 5.980124 
0.472982 -1.073449 5.127604 
4.426132 0.310579 -7.166060 
-0.662437 3.118317 7.702565 
1.099225 0.169655 8.578663 
-3.513836 -0.923470 5.234777 
-7.751414 -3.905602 -6.719012 
-1.860248 -1.045992 -1.120017 
-1.967873 0.943250 9.487709 
-2.305849 -2.775429 8.850939 
0.844176 0.004546 0.418771 
2.835633 -0.208390 5.296223 
-3.714147 -1.631823 -1.822952 
-0.835630 -3.057676 9.379689 
-0.085131 0.201041 -0.939686 
2.226707 3.184774 -0.823498 
1.245097 2.214238 -3.812199 
-5.057776 -0.769299 2.006884 
3.200729 -1.109431 8.925361 
1.066496 0.024690 9.592133 
-5.656167 -0.788278 8.276181 
-0.671152 0.792023 -0.178961 
-2.011784 0.305728 -1.867076 
1.156666 2.253070 -5.939225 
0.175536 -1.047754 9.273880 
-3.446374 -1.212206 1.284092 
-0.127748 1.101809 3.990951 
1.314923 0.784656 -0.693552 
1.273670 2.837873 -2.742241 
1.435896 2.281528 -7.432115 
-1.618678 -1.018167 8.377620 
-2.762744 1.013418 0.900540 
-3.310447 -3.083101 -3.260720 
1.956346 0.603920 -5.107279 
2.696702 0.771853 -5.338034 
-0.656273 1.842890 -4.100449 
-6.626401 -5.086240 -8.283591 
0.181665 2.563930 9.632507 
-1.158264 -0.968626 -2.465949 
-4.517098 -1.080694 9.426091 
2.404347 2.250829 9.685920 
1.393030 3.941900 -2.729978 
3.066074 3.174655 -8.863445 
-1.624865 1.221234 -7.823809 
3.306754 3.767272 -5.616960 
1.247029 2.660121 9.287321 
4.728056 1.047968 0.913076 
0.587239 -1.503379 -3.918581 
0.726078 1.161814 -4.100399 
-0.289151 1.904237 -6.520177 
2.625252 2.530661 -2.633394 
2.911943 -0.423180 -4.380441 
1.452588 1.117399 -6.755920 
-5.222680 -0.546199 -2.987800 
-1.090725 2.106799 1.943340 
0.208164 1.123479 -7.346880 
-1.612263 0.119464 0.057597 
-0.224556 2.404925 -1.656900 
1.866469 -1.778303 7.994360 
3.762894 3.396651 7.252949 
2.195001 3.124044 0.549499 
0.461849 -0.196920 -2.955560 
-0.720503 -0.286219 4.660236 
1.447966 3.286443 -8.865099 
1.873735 -0.514501 -7.172459 
-2.725799 -0.560420 7.610657 
7.754645 4.278042 -8.701776 
-0.609660 0.717720 9.202222 
4.932770 1.955321 9.371937 
0.053866 -1.934285 -2.104525 
0.811582 0.336579 -5.872524 
0.410522 -0.138362 2.765112 
-5.733858 -2.637390 -2.916847 
3.089412 2.053021 -3.975409 
-1.497984 -1.342012 1.101049 
5.119354 4.455899 0.429548 
2.574037 0.644984 -6.477478 
0.272201 0.374958 -4.030289 
0.883630 1.502620 9.903840 
2.310669 2.882515 7.649492 
-1.710510 -2.380713 7.487530 
-0.203021 -0.869223 3.476309 
-2.721633 0.582138 6.275445 
2.248462 2.643221 -8.309825 
1.996459 0.751861 8.185278 
-0.653150 4.799390 -3.001845 
1.628519 -1.142674 -8.461726 
-4.771127 -4.051281 8.057159 
1.478416 4.043895 -6.942206 
-4.403551 -1.899322 6.971832 
-0.994466 -0.075694 6.908554 
5.346331 4.606679 -7.191051 
1.499048 2.813522 3.644456 
1.785720 1.686120 -4.310450 
-5.015245 -4.767000 -7.596633 
4.056357 2.212618 4.933396 
-2.781486 -3.647338 -5.237999 
-1.861914 -0.765859 9.297323 
2.436836 4.144985 4.452113 
4.488053 3.022543 -6.733191 
-6.670751 -4.138945 4.917485 
8.540180 4.479973 -2.015504 
5.816635 1.716124 5.642418 
1.853442 1.257825 -5.680554 
0.682808 0.839257 3.924593 
3.657804 1.052452 -8.865850 
0.841277 2.138679 -5.113129 
6.771426 4.721874 -0.826849 
-3.299236 -2.981230 6.144549 
-3.170852 -1.928789 -4.427934 
2.649987 2.578787 6.658896 
3.841476 0.063138 9.395452 
-4.547084 -0.114655 4.448333 
3.779556 0.326764 -3.642104 
-7.169934 -3.907910 8.923595 
-4.763641 -5.068079 -3.187869 
1.030741 -0.674968 3.675706 
1.584159 1.617434 -9.708214 
1.357474 0.630776 1.615705 
3.383347 1.340613 -6.941567 
-1.885278 1.550950 9.174472 
-6.398187 -2.998286 2.425425 
-0.807180 1.621808 3.977445 
4.189779 0.224134 -4.953135 
1.504247 -0.079367 -3.876367 
-2.702565 1.159930 -0.353324 
-0.691979 1.008018 1.151389 
0.105235 -1.284880 4.495730 
3.604756 -0.431319 -6.432187 
-0.088409 0.805117 2.667191 
3.193136 1.499263 6.052287 
4.477023 4.404793 -1.303276 
5.718555 1.904962 -7.033663 
0.611561 -0.080465 -9.202570 
1.419573 0.976203 6.801985 
1.986637 1.270775 -8.436223 
-0.671156 -4.402754 -9.208172 
6.225044 1.883430 -4.757821 
-2.219639 -1.568154 -5.304279 
2.199734 -0.869876 -2.925420 
-2.915098 -2.293118 -5.873336 
-2.298340 -0.370022 -5.160419 
2.874170 2.517480 4.985602 
1.970946 3.823062 2.817389 
0.002186 0.710110 1.312507 
2.523484 1.504626 -7.845582 
-4.425840 -1.876526 -4.942260 
8.147240 -0.071440 4.286037 
-0.845202 -1.118910 5.077758 
2.204657 -2.754385 -7.977935 
5.964183 3.835041 -5.745899 
-3.279534 2.401414 2.053666 
6.822480 2.366649 -8.577146 
-1.657929 -2.045652 5.916260 
-2.004326 -0.093108 -7.154718 
5.504277 -0.387670 0.632587 
-2.912592 -1.733359 -7.712619 
5.027474 3.702664 -3.751254 
1.329007 -0.262236 5.164446 
-9.362612 -3.433494 -1.677346 
-1.030561 0.461568 0.767836 
-0.450076 1.489215 6.046208 
0.923095 2.513427 -9.801635 
0.463815 1.139637 5.061309 
-6.929837 -2.927010 7.856249 
0.077571 0.186253 6.997142 
3.267557 -0.921059 7.414863 
-1.839702 0.732068 -3.362654 
-0.916093 -1.712753 7.988227 
-2.093721 0.334135 -9.700251 
-5.333590 -4.074111 3.900170 
1.108859 3.565569 -4.464266 
4.966522 2.808270 -8.620685 
3.732887 1.557697 -5.558043 
2.588370 -1.118613 3.192700 
-3.525097 -3.743732 7.221981 
-0.951647 -0.795347 -8.508767 
5.690737 3.425434 -2.881521 
-2.595983 -2.065334 -9.349779 
-4.385718 -1.783771 4.706189 
-4.898120 -3.810320 5.792387 
2.879242 1.659087 -9.412680 
1.138112 -1.463675 -2.668533 
1.240685 0.646906 2.868234 
1.597990 0.180147 -1.741100 
-2.878929 -0.641641 6.426750 
-2.515469 -3.682309 8.886084 
2.139141 -2.217174 -9.293054 
-6.069194 -2.177103 5.773800 
0.766627 -1.409620 -5.560448 
-0.604311 -1.876782 -7.546940 
2.246674 1.749354 -6.587171 
-4.063998 -3.470092 -6.901185 
7.006815 2.218919 2.692080 
-6.955526 -1.585268 -3.577282 
4.103885 4.380006 -6.202757 
2.227313 1.066212 9.810885 
-1.234646 -2.970318 6.727195 
-3.633243 -0.609487 -8.209394 
-0.414197 2.928007 -3.064236 
-1.745531 -1.659248 -8.388517 
2.611465 0.555853 6.306316 
1.344204 -1.017906 1.514044 
-3.127691 -1.816587 5.841297 
0.427767 1.689036 7.884887 
-1.543518 -1.546055 7.260873 
0.895745 -2.259085 -6.539072 
0.746715 0.807666 -2.141380 
-4.983060 -0.673288 -9.674042 
5.440560 3.481827 9.633247 
5.352164 1.536860 -8.093830 
0.436972 -0.703592 6.116942 
4.206378 2.569831 -4.424876 
-1.696566 -1.034806 -6.966529 
-1.746083 -3.176863 -8.334666 
-0.296594 0.140979 5.839341 
0.039501 0.439226 0.290372 
2.492679 3.279421 -9.844721 
1.867061 1.213157 -3.778816 
2.033706 2.519757 -5.017918 
-1.873696 2.877806 -8.306192 
0.116616 2.822786 -4.738052 
-0.586673 0.183573 -7.973392 
-4.866927 -1.719420 -4.124820 
-0.935434 -1.035132 -5.334725 
0.329567 1.937729 -8.443271 
-3.050092 -0.519243 -7.106689 
5.166663 1.158860 -5.476907 
0.818761 -1.695201 -8.040134 
1.547301 0.593100 6.285639 
-3.136584 -5.154000 5.439986 
4.667631 3.579116 -4.831198 
-2.072942 -1.812775 9.760518 
-0.364116 -2.701063 -8.638955 
6.210653 2.209554 -0.891609 
0.845813 -0.901552 7.019052 
-1.545094 -0.253989 -8.004923 
4.026720 3.362091 9.705459 
1.852626 -2.289003 -1.631669 
0.072772 -2.094298 7.271199 
1.719850 -1.098513 3.784720 
0.231100 2.784426 -8.705294 
-2.417270 -2.569900 7.141973 
1.575594 0.517027 -9.506157 
-2.489265 -2.178525 8.017844 
-0.317510 -1.377113 4.684637 
-1.724395 -1.446380 6.463170 
-0.749177 0.009505 -6.286957 
-4.742511 -4.038518 -4.720474 
-0.253582 -3.110938 -4.549099 
-0.952027 1.316933 -5.092891 
-6.469829 -1.634177 4.118119 
2.403933 0.543073 9.623815 
-1.369246 -0.014177 -9.191181 
-1.632605 0.553481 7.985564 
-1.554672 -1.175963 -9.396533 
-1.661448 1.147333 6.085228 
-3.718062 -3.530177 -5.781169 
2.328560 -0.783529 1.979925 
3.180540 -0.323300 4.230700 
-4.499924 0.375293 5.802057 
-1.326226 -3.695479 4.264581 
3.644820 4.426081 -3.481407 
-3.044662 0.530207 -8.286115 
-0.235264 -0.931085 1.663154 
1.336117 1.138864 5.730361 
-0.565323 -1.276583 4.324125 
-0.159802 -0.592768 5.205898 
3.078580 4.385669 -7.655283 
3.309015 0.340480 -9.083639 
1.899562 4.067898 8.952988 
5.271705 2.086985 -3.711160 
-1.386748 -4.387410 8.406438 
-4.546309 -1.871166 -6.531052 
-3.329734 -2.978909 8.922326 
3.723987 -0.859367 3.046943 
-0.962718 1.804715 -9.029339 
1.506317 1.877790 6.751680 
5.057840 1.309308 -8.854482 
5.074488 2.468795 -7.560897 
-7.712552 -2.876112 -9.524787 
1.813071 1.032866 -2.829395 
-2.463501 1.859930 7.385008 
0.938678 0.783152 9.236804 
3.963328 1.864398 -2.018530 
-0.317886 -0.485009 7.845278 
-4.484748 -0.188980 -5.038376 
0.892286 0.440243 6.439273 
2.334842 1.250422 6.871332 
4.940689 1.495500 -2.731106 
-0.769978 -2.029962 -3.746018 
-1.190310 -0.309554 -9.570844 
-3.295230 -1.559559 9.742039 
-0.283161 0.836667 -9.631425 
7.464235 3.276823 5.209073 
2.507164 0.835757 -3.831567 
2.422675 1.392575 -1.951996 
-4.364302 -2.833338 6.248694 
0.562999 -2.371350 3.619440 
-1.736973 -1.333937 7.832143 
2.277533 -0.184935 8.866626 
-6.321591 -4.188542 9.361606 
0.151799 1.466337 -4.980025 
2.307196 0.762434 7.499857 
-8.702392 -4.539600 -5.540522 
-3.875830 -2.148948 8.920398 
-0.530563 -2.208011 -9.675418 
-0.000465 -1.636423 4.032673 
-0.691027 -0.203828 2.461428 
-2.517228 -1.879222 3.246768 
-2.742907 -1.792883 7.172287 
-6.355367 -2.812993 4.873273 
-0.780512 -2.251674 4.882286 
-5.020722 -2.925005 3.424108 
-0.281904 -0.370463 9.062112 
1.920848 0.126450 6.836972 
3.424067 1.826677 9.613915 
0.790522 -2.172496 2.166765 
-0.253133 0.129433 -9.503947 
-2.538348 0.095320 9.440032 
4.923258 2.594895 -3.198575 
-3.438111 0.512759 -3.458685 
1.088471 0.027923 7.661607 
-4.327764 -2.169546 2.139872 
-1.014215 -1.571204 1.833522 
-1.110305 -0.833874 6.003754 
5.377472 3.776696 -8.559536 
2.652953 2.574174 8.746451 
-2.568370 -1.031943 9.652620 
-4.246795 -2.681355 0.930430 
0.885451 -1.350068 -9.557318 
-3.484962 0.107107 8.997963 
2.813939 0.120035 7.696801 
4.273417 -0.515742 -1.426063 
-2.292289 -2.965614 3.315897 
-2.923289 1.926982 4.832150 
-1.482780 -1.767330 3.806016 
-1.980777 -3.047989 -9.767153 
-0.174889 -0.889127 -9.656031 
-3.852764 -2.259399 -0.152688 
4.143304 0.611310 3.287660 
2.210164 -0.403203 -9.528175 
-1.029870 -0.559730 8.689205 
-7.232426 -4.969583 -5.241110 
2.170484 3.445180 -6.666329 
3.547400 3.938345 8.477812 
3.427389 1.136067 -4.083997 
3.615735 2.622711 -7.196075 
-3.786890 -0.611840 8.611620 
-1.164362 -1.446745 8.964480 
0.869850 -3.588365 9.217068 
-5.928295 -2.203717 -4.904297 
-3.068150 -2.856077 4.236590 
4.921480 0.431153 -0.745660 
-5.419175 -4.037108 -0.115536 
-3.881617 -1.921029 -9.328132 
1.694392 -0.617204 3.397400 
-4.972920 -3.612497 -5.304623 
-0.702064 -1.626774 3.344273 
-0.498804 -0.044541 -8.958715 
-3.920171 -0.564964 -0.202333 
3.443956 3.198212 -2.125482 
7.352860 4.775691 3.105677 
-2.209468 1.532750 -9.004215 
-3.454898 -2.477838 3.507895 
-2.242173 -2.890786 2.046841 
-1.551213 -1.714893 9.266260 
0.549450 3.203552 -7.065400 
-0.219180 1.831863 -5.724940 
8.228470 6.122403 -6.586898 
2.941381 2.006343 8.167099 
1.691887 -2.691457 -6.988187 
-4.673949 -2.086066 3.517047 
-1.267990 -1.353240 -8.350430 
-5.450155 0.268170 3.804140 
-1.792317 -1.000790 7.803883 
-0.649216 -1.611390 -8.688320 
-1.470440 -0.269357 8.258160 
1.924757 1.846027 8.930040 
-2.805683 -0.616883 3.112203 
-0.807377 -0.909657 -8.023143 
-3.379500 -3.466867 9.445117 
5.027982 4.565455 -9.187803 
0.252485 0.315377 9.744478 
4.727979 1.988919 7.247741 
3.400553 1.073752 0.201317 
4.755010 -0.248103 -9.117933 
6.567220 5.364814 7.004892 
-1.242328 -0.648763 -7.391818 
-0.195030 0.975173 -8.366622 
-0.025647 -0.826390 -7.581853 
-0.143390 -1.529043 -8.504305 
1.786576 -1.180680 2.645356 
-4.221480 0.260988 -6.027187 
-1.892428 0.021733 7.211787 
-6.954040 -5.129350 -3.819470 
5.153205 6.138170 4.484925 
4.166358 1.971206 -9.784330 
0.867624 0.486238 -7.391990 
-3.886417 0.978643 8.322560 
3.988503 1.013227 -2.960623 
-1.513616 0.510220 -4.867908 
0.516253 -0.006533 -8.252927 
-2.369465 1.077705 -6.085210 
13.009215 -1.227788 2.487248 
17.083781 1.095897 1.268712 
14.706547 0.071015 4.841771 
17.142748 1.882034 -6.124976 
10.843974 -2.981709 -0.764817 
12.057187 -2.699888 5.036879 
16.209534 0.055830 -8.478028 
9.437965 -3.166825 -4.483454 
14.472341 0.759219 -2.525774 
15.815211 -1.396471 -6.500329 
7.896917 -5.225252 -1.147313 
9.136815 -3.581735 2.421020 
11.824231 -2.304022 9.244804 
17.892725 2.263514 -8.890328 
11.702135 0.411359 -8.824279 
13.491535 0.196243 -7.589406 
15.146583 0.239089 -5.226229 
20.040345 4.289117 3.012548 
17.685373 2.626121 -1.082049 
23.276093 3.465510 8.233209 
13.499236 1.708607 1.522896 
15.106546 -0.975676 -0.779620 
16.900874 0.090352 6.576737 
11.408089 -2.173701 -4.087831 
14.959178 0.155178 9.271871 
8.211564 -4.684306 -5.683170 
20.361514 0.714848 -2.420530 
13.500800 -1.700865 -5.205140 
14.243083 0.648869 8.327310 
12.096583 0.223329 -4.963551 
21.770900 4.331225 1.036561 
18.761850 0.105105 -2.805562 
15.508248 0.996238 -0.962851 
15.061250 -0.348073 3.288761 
9.888325 -3.727055 -9.381114 
13.934857 -1.698104 -9.153373 
21.378949 3.570435 -8.166428 
18.591904 3.271344 -4.384432 
11.194848 -0.059118 5.811621 
8.691517 -4.676433 -8.986972 
14.925128 1.549895 -8.884231 
10.788426 -3.851260 -2.487412 
16.124752 2.937132 -3.838503 
16.805438 -0.431531 0.319427 
13.633448 -0.578608 -2.978938 
14.720257 -1.036923 6.883684 
17.948853 2.506557 5.881251 
9.817277 -1.983451 5.172610 
13.312825 -1.980578 9.419934 
20.801043 3.601158 -2.241718 
19.137213 1.489126 -7.375333 
17.529301 2.596887 9.214891 
17.292937 1.313204 -3.671573 
8.163236 -3.986281 4.753345 
15.209625 0.324100 7.078108 
14.528153 -1.698045 0.912387 
11.519869 -1.348152 -1.920269 
16.941670 1.323304 8.936912 
12.363306 0.751201 -1.722912 
16.183107 -1.360894 -1.417289 
16.110814 0.279232 2.517321 
22.155640 5.334626 -2.345718 
11.426433 -1.374175 7.295308 
17.789481 2.234385 3.671461 
13.594341 0.013575 7.536160 
16.334264 -0.113084 -3.007664 
10.495340 -2.396518 7.290264 
22.313891 4.104734 5.042403 
14.473502 -3.051001 7.667536 
14.052131 -0.118251 1.736375 
12.021043 -1.454095 -7.157183 
17.681764 1.015232 5.203635 
19.521088 2.088561 8.967679 
15.094198 0.517252 0.868424 
12.756289 -0.994682 4.952933 
18.346273 3.380554 7.702642 
13.108017 -2.464644 -2.699088 
15.096072 -2.728338 3.668369 
18.635238 2.019940 0.958140 
14.920967 1.529575 3.456763 
13.990580 -2.075476 -7.315148 
21.190773 0.974185 6.151958 
13.245610 -0.018438 9.494588 
12.894724 -2.807883 6.982959 
11.170305 -0.350952 3.940586 
14.617120 -0.620512 8.526529 
16.130821 0.405907 9.004981 
18.059591 -0.168237 4.097831 
14.318554 -0.399780 9.783415 
14.401225 1.949623 9.238576 
16.278856 -0.461550 5.128359 
19.559476 2.042201 6.489279 
18.449869 0.366394 9.285799 
15.581027 2.264305 1.766594 
13.595908 -2.000087 3.836620 
15.662272 2.735282 7.819146 
18.190925 -0.770142 -8.432105 
20.159092 1.324108 -5.384668 
12.362028 -0.318554 9.327734 
12.204578 -0.638187 1.690334 
13.637167 1.621561 7.091582 
12.202988 0.766353 7.694848 
21.736198 2.103809 -2.030297 
15.409148 1.319604 5.793386 
12.984705 -1.144009 6.899680 
17.819947 -0.728447 -1.416845 
11.094583 -0.205041 9.185698 
13.556406 -0.626289 -0.718816 
20.775383 1.723693 4.705391 
18.695070 -0.253973 -0.318817 
13.250355 -2.420863 -0.052656 
9.135302 -2.505108 9.036900 
12.837927 0.660868 4.206912 
12.197665 0.279343 0.254075 
11.040528 -3.672172 8.866916 
11.705346 -3.659337 -5.931540 
20.575821 4.823122 8.199852 
12.670316 -1.207183 8.333461 
13.756677 -1.897280 5.799859 
23.194349 5.294028 -7.151030 
19.953999 3.753662 -5.847793 
15.707116 1.227059 8.045679 
19.252763 2.506860 -0.955069 
9.367723 -1.393293 -0.359468 
19.140649 0.684113 2.726163 
9.123293 -1.005784 -7.978579 
16.946473 2.258459 4.301493 
11.416832 -3.962888 0.311296 
15.303389 1.354048 9.327642 
19.519421 2.056449 -4.042069 
16.869120 -0.760685 9.447681 
10.378230 -1.649111 -6.279407 
11.766056 -1.372535 -0.199452 
15.646705 3.328777 -7.175536 
10.525997 -1.174055 0.933070 
22.038095 3.076993 -5.092125 
10.546001 -2.259166 -9.201471 
15.049030 -1.678116 8.946107 
17.753056 -0.186848 -5.345761 
14.853585 -2.055090 -3.795694 
19.068302 3.627465 -2.553040 
10.640295 -1.586784 3.054265 
10.568857 -2.763310 1.661039 
22.195553 0.583661 1.339131 
9.727909 -4.669238 1.197701 
16.409945 -0.808059 7.996455 
19.749107 4.549764 -0.106320 
16.610859 -2.421424 7.239945 
14.149697 2.102295 5.261379 
14.858757 2.496567 -1.431028 
17.311170 2.518551 6.597677 
18.217634 -0.073442 7.704733 
16.481907 2.166038 5.455502 
22.164224 6.302224 8.821611 
16.944545 3.436830 2.834251 
18.593137 2.922804 3.769870 
12.066161 -1.542395 -9.210907 
12.742084 -3.658285 1.960285 
17.427252 2.286990 7.681889 
17.034194 0.468872 -1.017564 
13.500427 0.479533 5.814248 
20.030966 1.915585 2.240720 
9.753199 -5.080114 -3.978899 
16.191625 3.473825 0.179765 
7.115549 -5.007615 2.202365 
13.137086 1.422822 -6.281664 
14.720051 1.755236 -4.237910 
19.363249 4.048861 9.267874 
10.945507 -4.772204 -7.447023 
12.819843 1.518269 9.464935 
12.068737 -2.164964 1.616638 
13.296072 1.045541 3.074620 
16.693133 1.444974 6.692701 
18.747800 0.175156 6.007383 
17.475767 1.246179 3.153806 
18.673317 3.633657 1.362435 
9.023488 -3.302375 -6.995171 
18.593856 4.847971 4.873440 
12.514905 -3.623475 3.542505 
16.142551 0.700857 3.944922 
17.396302 -0.280730 2.647819 
7.351787 -5.683878 6.841537 
15.478794 2.718786 4.298214 
17.806871 2.387225 2.138489 
13.248353 -3.614124 -8.971829 
7.804097 -2.832498 -0.161680 
17.936781 4.345346 7.102546 
19.484028 2.696863 5.563891 
17.074257 -2.160298 1.706125 
19.096252 1.921406 3.182233 
11.780638 -3.151402 -8.529788 
16.544749 3.245602 9.247597 
15.934410 -1.318921 3.267491 
18.132503 0.199561 1.369230 
18.915526 1.582558 7.311065 
15.301542 -1.423244 5.321380 
15.003976 -1.363210 2.207109 
10.077588 -4.555302 3.399882 
18.771219 3.563504 5.590845 
21.357497 2.002971 8.911832 
20.278587 1.749203 -0.097980 
9.599179 -4.539169 6.630781 
11.080382 -0.328098 8.120480 
22.966945 5.264690 2.730538 
19.779953 2.987546 3.490082 
8.547982 -2.952447 8.498843 
15.251021 -0.817696 9.667506 
18.704520 1.755865 4.715608 
20.364002 6.192836 -6.069002 
18.628069 0.686854 0.264736 
17.904857 0.652790 -1.527809 
20.270281 3.428017 -9.270761 
16.980269 1.423968 -0.012474 
10.213766 -0.237826 8.907930 
16.573389 1.294883 -2.250410 
10.585842 -3.460522 5.100341 
16.334978 -1.329543 -3.997160 
14.669527 -0.784865 -9.514124 
20.930826 3.650185 7.131126 
11.884449 -4.575914 7.127990 
13.574980 -1.149827 -9.652081 
18.021403 1.494254 -1.196342 
21.400391 2.948264 2.926519 
14.348498 -0.077816 -8.518366 
12.981926 -1.718527 -9.538050 
16.589842 -1.089067 -9.624382 
13.504557 -0.227479 -9.266017 
13.475486 1.868744 -3.332049 
12.162176 -0.428172 8.110608 
14.680511 0.489369 -8.312490 
14.775908 1.604336 -9.587414 
13.798335 -0.874607 -8.218042 
9.601786 -4.495379 8.922481 
14.632393 -2.364540 -9.206074 
13.280390 1.226908 -9.213242 
15.582842 -0.834798 -8.153213 
17.048231 -2.529796 -7.199092 
15.805768 1.320403 -8.398248 
14.748843 -0.432461 -6.294041 
15.387500 0.753724 -6.390568 
13.627746 -0.716439 -6.693451 
16.131368 2.433313 -7.899853 
15.528372 0.154480 -9.419804 
14.617207 0.696973 -9.728857 
16.110148 1.544045 -5.392292 
11.998218 -0.429017 7.094618 
18.222314 1.251907 -9.417347 
17.229989 0.964952 -7.533855 
14.034583 0.732995 -5.187770 
14.271605 1.149580 -7.101515 
17.255411 2.831934 -9.166920 
15.543240 3.383285 6.455105 
15.228591 -1.861428 -5.361968 
17.147036 0.791512 -8.911220 
17.513884 2.558254 -2.774500 
14.685030 3.901135 -1.503982 
15.814440 1.788761 0.085374 
12.895635 -1.238804 -5.663817 
18.706239 3.468260 -8.663000 
11.186144 -1.507320 -9.819710 
17.602907 3.988757 -2.294212 
15.756675 1.562025 -7.060040 
12.291966 -1.389644 -8.084063 
19.498733 4.656035 -9.439827 
18.097357 2.800633 -7.721197 
15.032547 -0.420257 -8.668880 
14.106470 0.081010 -8.336080 
