5.750891 17.611657 -1.525608 
4.999512 3.603299 -10.201713 
-1.443895 13.393791 7.885679 
6.317763 18.428511 4.837104 
3.245014 3.245493 -3.862735 
8.253850 14.752936 -8.347963 
11.132834 11.578279 6.640426 
2.472282 16.636291 -4.490151 
4.420557 8.934749 -3.279074 
-7.635614 16.201978 4.333419 
-2.789621 3.681571 -10.251470 
-1.744135 12.627726 -10.646714 
2.383817 14.708318 7.510155 
11.168166 7.077310 6.713197 
1.962323 3.334933 7.207909 
12.089676 5.098684 -2.302321 
8.395711 3.331934 10.443007 
3.032737 17.419054 13.060969 
-5.698628 16.116637 -8.643836 
6.382715 19.980155 -9.628443 
-8.111688 1.275974 3.696022 
-2.526072 19.779270 -10.403618 
-6.788623 8.002648 5.445172 
1.185591 10.333913 -4.725599 
3.602724 5.638323 13.351211 
-9.415297 2.272732 -1.421294 
9.970355 9.216338 -6.543484 
-8.610292 7.020073 -4.858028 
4.144015 19.080360 -10.562248 
12.150193 2.704731 4.168617 
-9.352765 14.554534 -0.722335 
8.383716 19.976880 -8.247787 
1.299340 5.898447 7.530047 
6.169276 13.539780 -9.733830 
6.166319 10.766313 1.985835 
-5.188057 10.055241 -8.996260 
12.555717 13.763617 1.094098 
2.965028 8.089537 6.751903 
9.278339 3.248050 -7.358988 
-0.616000 2.857004 7.875636 
6.006086 3.635630 3.019916 
11.782320 16.895446 -3.396126 
11.263033 19.054822 -4.588972 
-9.305751 8.621796 0.439319 
-2.722601 10.855785 7.676764 
-7.451581 3.132464 -6.837615 
-8.302562 18.373357 -5.523508 
10.321038 19.674647 -6.145779 
2.696485 10.802249 6.861116 
-5.621283 5.964561 6.440574 
1.769669 19.357859 -10.987119 
4.462469 9.539929 12.991160 
4.633700 5.352377 5.410519 
-6.096081 2.036519 6.090001 
12.366569 15.213579 -1.305085 
-8.132277 19.958397 3.758414 
-8.249419 11.783018 3.484285 
-1.081751 6.363830 7.873544 
1.620123 2.243615 13.902970 
1.258324 11.142855 -10.988584 
5.095419 10.542587 -10.210658 
8.751523 18.767288 10.071575 
12.335078 10.341164 -1.341305 
5.648426 1.373330 -1.825817 
2.164327 7.310408 -10.924411 
8.308508 11.410149 -8.285391 
6.163436 0.890242 2.438355 
6.885239 1.343951 11.713941 
0.113959 18.382729 7.778067 
-9.004527 11.654889 -3.799955 
12.084513 16.601992 4.367471 
9.658957 14.746894 -6.993408 
-4.881749 2.070967 6.904928 
-6.664161 16.404822 5.614396 
6.222277 4.407425 2.258132 
3.148817 16.054219 -10.782633 
-9.398038 18.501691 -0.075270 
6.264909 0.798551 0.113559 
-2.541943 4.366570 7.743450 
-0.067969 15.940883 -10.957293 
12.361213 18.130336 -1.369115 
11.714557 14.603745 -3.575786 
3.612948 1.718213 6.371061 
-0.789423 0.757803 7.871661 
5.225301 0.728478 4.623882 
4.599846 1.073853 12.974051 
4.968388 3.082429 12.805840 
6.168485 5.435054 -0.472297 
1.908404 1.795522 -10.944133 
-5.137073 12.525018 6.735233 
-4.260889 17.598663 7.201166 
6.343888 4.587912 0.862747 
0.970044 19.391971 -4.779287 
5.589392 8.949362 3.962966 
6.807453 16.926013 -9.378613 
-8.084534 3.484560 3.863586 
8.529497 7.784982 10.317435 
-2.699698 2.230601 7.712048 
-8.919961 2.931593 2.118278 
6.253440 8.093133 2.059675 
7.843881 7.773498 -8.654581 
9.320789 10.562362 9.532168 
6.238289 2.610070 -0.182828 
10.306846 1.893156 8.276769 
12.566429 4.449870 0.519585 
5.859008 3.634275 -1.381160 
5.638214 9.940922 -1.859175 
-8.957413 1.496069 -3.999309 
-5.548428 19.833490 6.479439 
5.735561 13.022596 3.632354 
-8.079814 4.977041 3.867128 
10.456812 16.579961 -5.940735 
-9.439654 20.108740 -0.300800 
6.288937 7.219963 0.160541 
-6.785170 14.941039 5.494796 
6.685373 5.151304 11.842387 
-2.530465 20.017114 7.716519 
-5.688878 14.892028 6.406705 
12.570731 18.958765 1.004502 
12.530961 8.052062 1.687823 
10.055022 14.401166 8.613537 
4.898838 1.889157 -2.963367 
-9.456227 6.207593 -1.181669 
1.348080 6.993089 13.954649 
4.543627 2.530373 5.513081 
6.099795 9.340761 -0.755408 
6.118547 13.512894 -0.588369 
3.692891 13.862579 -3.980527 
1.024279 4.354181 -4.773584 
9.134580 17.580231 -7.563444 
-3.625301 5.311896 7.451269 
9.531435 1.050916 -7.108069 
-6.114595 0.705918 6.081723 
-8.949201 16.760371 -4.084383 
-6.858156 4.338296 5.416052 
-4.973286 16.304042 6.842720 
-8.456910 0.500004 3.238128 
6.331552 9.289452 0.839672 
12.077940 20.134789 -2.424412 
5.200699 18.958472 -2.572398 
6.935632 11.581509 11.673420 
-4.512427 7.732246 7.083084 
0.804911 11.714255 -4.775051 
1.531147 11.411450 13.911452 
3.772005 5.479730 -3.903810 
-9.163142 19.358210 1.344589 
-6.809324 17.906127 5.474068 
-4.140599 20.510286 -9.725437 
6.342973 17.243126 12.054873 
-7.236286 6.480954 5.010353 
1.127158 8.560009 -4.773324 
1.375615 2.407089 -4.742124 
-7.267006 19.180853 -7.143943 
-9.425067 16.446441 -1.792016 
11.884322 19.329152 5.096074 
6.340632 2.782569 1.282772 
6.251009 11.520407 -0.058482 
12.322707 1.172919 -1.587727 
-8.784731 0.915140 2.524634 
-9.205868 14.944724 -3.140562 
-8.712057 5.693051 2.686968 
2.877923 19.396579 6.817155 
-2.279365 8.235916 7.780081 
-6.359194 19.964432 -8.132437 
-7.870961 2.094298 4.210695 
-9.165998 5.089324 1.340856 
0.979775 13.245334 -4.779341 
-9.350834 10.747801 -2.431197 
6.324182 18.470746 0.564183 
3.053728 19.805777 -4.329820 
-9.272846 13.217370 -2.896193 
-5.438869 2.138867 -8.878386 
-5.469132 19.529874 -8.889130 
2.591006 0.818301 -4.522325 
-8.209714 15.770959 -5.735257 
2.886382 12.188985 -4.397489 
-7.019772 13.424599 5.248517 
4.677055 17.621877 -3.193308 
5.131314 4.800883 -2.646836 
10.479029 11.577652 -5.886208 
6.211132 20.159318 -0.285074 
8.942568 20.080322 9.959689 
-9.311645 7.106763 0.647140 
-7.945459 17.963615 4.085025 
-7.419594 10.444560 -6.947249 
5.388322 13.335124 -2.296749 
5.670461 15.836693 -1.787337 
6.199174 18.805741 2.367840 
-7.198795 19.187681 5.053554 
-9.460211 12.744056 -1.384008 
-8.631410 13.466841 -4.884196 
-5.618518 17.787798 6.456533 
-5.713470 14.424330 -8.686644 
-8.548488 10.042605 -5.051529 
1.884817 0.876141 7.326347 
3.840460 9.560552 -3.905202 
-3.844229 14.277012 7.377778 
5.560781 5.260360 4.084652 
-9.047436 9.604349 1.776199 
0.721683 16.062161 -4.786198 
1.291813 19.044165 13.962095 
-5.362256 8.024583 -8.950503 
7.499642 2.774939 -8.932693 
-8.893737 12.545374 2.201565 
-6.998298 20.501388 5.268870 
-5.492934 3.749612 6.531282 
-5.386394 10.182240 6.580807 
12.007443 12.190643 -2.722606 
6.566981 0.906855 -9.510012 
-6.895918 11.606707 5.366906 
-9.318669 13.601815 0.660923 
10.894880 1.317008 -5.273973 
-6.326460 10.337682 -8.164199 
-9.417711 11.834971 -0.092325 
-8.440612 7.227716 3.230867 
12.429578 1.108227 2.916216 
-7.192651 1.143145 5.073500 
5.399989 3.303303 4.370991 
-9.300008 6.746546 -2.711476 
2.433320 13.960724 -4.571559 
10.595237 2.674628 -5.762054 
9.005074 0.931212 9.895505 
-3.887014 5.897341 -9.832104 
-8.181918 14.268179 3.692896 
11.391915 2.546523 -4.352182 
5.931194 20.187937 3.257278 
6.321856 16.806322 1.251825 
-3.465087 17.642148 -10.060114 
-8.707430 16.770419 2.673946 
-9.138428 15.176341 1.434889 
-4.337305 11.613800 -9.620248 
-9.444674 9.552780 -0.760876 
-3.077227 16.367027 7.624922 
-0.185271 19.855396 -10.957477 
-5.295248 13.134932 -9.015024 
-4.533346 16.705086 -9.515021 
4.222096 0.639921 -3.587005 
3.493432 4.781357 6.445012 
-9.428982 1.921842 -0.179951 
5.302800 11.276161 -2.405980 
0.282086 9.716599 7.769728 
4.410971 7.424086 -3.451847 
3.732048 10.982627 -3.977491 
-7.027946 5.833860 -7.393428 
4.239909 19.706966 13.132484 
-7.220517 8.017338 -7.174961 
5.673962 17.985403 3.863078 
-1.264440 8.398274 -10.769107 
-8.213631 10.680137 3.673796 
-9.219112 0.599172 1.112770 
12.203535 7.372527 -2.003008 
5.068420 14.160509 4.834870 
6.086923 5.700529 2.783179 
9.302615 17.324265 9.560261 
4.810916 18.917203 5.188733 
10.966255 13.725012 -5.135679 
6.110477 15.981069 2.671637 
-9.447529 20.695209 -1.618029 
1.074875 0.850647 -4.794032 
6.199923 14.143108 2.241636 
12.560304 1.538279 0.137255 
1.506337 15.163768 13.921885 
3.635422 1.883861 -4.015015 
2.740546 17.127553 6.937090 
7.636289 15.763952 11.150776 
5.447328 6.142748 -2.173523 
11.509168 1.127527 6.100677 
-9.424101 4.269779 -1.767319 
2.208995 9.049464 -4.643811 
1.478939 18.448413 -4.772271 
6.113457 6.808738 2.679026 
5.428309 8.311376 -2.246693 
-9.407588 3.934629 0.028871 
8.688495 13.432811 10.216770 
-8.882569 20.400389 -4.248809 
6.331053 6.282320 1.406357 
-9.078378 20.729711 1.664754 
0.559020 7.508043 -4.783731 
4.510715 12.282698 -3.361793 
-9.316383 1.755411 -2.679831 
3.404748 14.967651 6.518591 
10.945096 7.555403 -5.170934 
2.657806 10.315424 -4.508607 
2.737697 18.316354 -4.471347 
-9.102255 19.972611 -3.637627 
-1.677634 1.345341 -10.650141 
1.382818 12.569161 7.503410 
3.388445 7.995144 -4.176072 
4.775095 14.493875 12.890808 
-4.991839 18.406458 -9.220970 
10.528727 5.660895 -5.854067 
3.791761 12.761032 6.187775 
11.130464 4.466366 6.886711 
11.602147 9.275300 -3.852956 
0.532521 17.804861 -4.781139 
-1.085461 17.957046 -10.813637 
-1.960918 16.520406 7.850739 
4.379792 19.988979 -3.476304 
-7.074995 15.347684 -7.369746 
4.017240 17.303558 6.034574 
5.204526 20.479285 4.681595 
-3.941027 0.589432 7.322069 
1.944837 7.321672 -4.699091 
-6.778288 17.615267 -7.689008 
4.873356 16.148273 5.098001 
-8.667430 19.306232 2.787984 
6.283460 15.660980 0.170132 
0.795317 0.468807 14.038805 
-3.899067 13.638298 -9.856597 
0.532064 14.668452 7.748758 
-8.833609 0.240059 -4.392083 
2.772454 15.766333 -4.464053 
4.405848 9.909920 5.659260 
-8.864112 3.660595 -4.302651 
5.441926 11.278402 4.260199 
6.322971 20.048167 1.500957 
4.946025 7.407724 5.015145 
3.594246 17.445034 -4.069497 
12.230568 3.544053 -1.941961 
-8.230297 8.652984 3.617410 
-0.418716 13.567928 -10.917879 
6.089020 2.244778 2.766909 
1.046966 15.256366 -4.808430 
5.546581 19.898413 -2.045129 
-6.519034 12.558513 -7.975164 
4.745087 16.316288 -3.135359 
1.329716 5.850149 -4.771571 
12.114508 7.451366 4.422505 
11.157065 15.487527 6.843505 
1.028650 16.374583 7.629498 
6.140576 18.172320 -0.618759 
4.027372 20.368415 6.019331 
9.623373 5.367646 9.191483 
2.378647 4.083004 -4.598268 
-7.932365 12.801164 -6.222657 
3.200588 12.976399 -10.784574 
4.100825 15.426268 -3.718922 
-4.011695 15.225921 -9.800850 
-9.446297 18.658406 -1.676817 
5.894155 7.558645 -1.348572 
12.269651 12.373451 3.726297 
-0.838346 16.612071 7.904932 
12.305372 4.813724 3.612315 
11.954637 9.572719 4.912092 
4.758564 14.391485 -3.125339 
-7.084153 2.501257 5.198972 
-9.103309 17.632946 1.593064 
1.912246 20.337671 7.337225 
11.335892 5.803704 -4.448176 
-9.338809 19.350124 -2.599728 
-2.191690 14.987924 -10.554133 
9.171478 5.989295 -7.520904 
-9.406444 17.738263 -2.079051 
1.486078 18.328146 7.503675 
-2.849042 10.240043 -10.324301 
-8.762761 10.196707 2.562544 
6.309472 12.608363 1.631368 
6.986794 5.546902 -9.280169 
-7.262228 20.421202 -7.150194 
3.010843 6.297731 -4.360405 
5.269954 15.014919 -2.495078 
-9.448793 19.905314 -1.665922 
-9.426274 16.528784 -0.187956 
-9.389137 0.473148 -2.151097 
11.152889 20.024987 6.887423 
10.297491 19.948461 8.318989 
4.721343 7.622355 -10.374075 
5.926210 15.099567 -1.284902 
-7.346328 12.008950 -7.049984 
10.785896 17.908248 7.540650 
0.789419 19.602576 7.697335 
-8.316185 1.814149 -5.547416 
-8.623137 20.431324 -4.941990 
-6.894457 1.414211 -7.565064 
3.364463 4.929899 -10.760025 
-8.196641 4.712521 -5.759733 
-3.461901 7.942707 -10.077059 
1.207490 20.283026 -4.791093 
-0.477203 5.563038 -10.924405 
6.354573 19.425223 12.063599 
-7.261080 9.996781 4.984032 
0.792109 4.029388 -11.005063 
4.685850 3.087562 -3.193303 
11.984386 0.284544 -2.863415 
0.202257 15.166988 -4.746463 
12.577125 6.463339 1.373162 
4.894052 11.926313 12.840445 
12.533287 10.451230 2.141414 
11.759679 1.617303 -3.490827 
-1.643517 17.853388 7.875936 
-4.040353 1.572880 -9.781909 
3.704173 1.051433 -10.673729 
-3.564554 19.269677 7.477629 
1.767581 15.090190 -4.747942 
4.101584 16.896716 -3.723216 
12.479363 19.753132 2.639543 
-5.363610 4.880404 -8.938219 
11.414724 4.164092 -4.290478 
-9.047957 18.243501 -3.796169 
-0.199398 10.454320 -10.950173 
-2.716877 18.287580 7.719632 
9.870399 1.847973 -6.746024 
0.933394 14.314000 -4.800627 
-7.824003 0.358102 4.276768 
-1.505021 15.228740 7.887420 
1.933814 13.345793 -4.712574 
-0.533449 20.337701 7.890724 
12.543564 16.254711 1.831087 
5.955740 17.131324 3.186639 
-8.846947 18.934107 -4.382677 
11.858427 20.763720 5.284697 
-1.707670 13.027710 7.884460 
